Sample	FastQC_mqc-generalstats-fastqc-percent_duplicates	FastQC_mqc-generalstats-fastqc-percent_gc	FastQC_mqc-generalstats-fastqc-avg_sequence_length	FastQC_mqc-generalstats-fastqc-percent_fails	FastQC_mqc-generalstats-fastqc-total_sequences
RF13B_S85_L001_R1_001	34.84869628027127	42.0	101.0	9.090909090909092	4084655.0
RF13B_S85_L002_R1_001	35.31820141113843	42.0	101.0	9.090909090909092	4093741.0
RF13D_S112_L001_R1_001	41.38198857881946	42.0	101.0	18.181818181818183	4550578.0
RF13D_S112_L002_R1_001	41.75790926335641	42.0	101.0	18.181818181818183	4553801.0
RF14B_S116_L001_R1_001	35.8622205644476	44.0	101.0	9.090909090909092	4293696.0
RF14B_S116_L002_R1_001	35.984159749961236	44.0	101.0	9.090909090909092	4294182.0
RF14C_S95_L001_R1_001	41.037207192821	45.0	101.0	9.090909090909092	4619727.0
RF14C_S95_L002_R1_001	41.53800336689315	45.0	101.0	9.090909090909092	4617871.0
RF15B_S122_L001_R1_001	36.95262408386617	44.0	101.0	9.090909090909092	4194895.0
RF15B_S122_L002_R1_001	37.488107024953784	44.0	101.0	9.090909090909092	4202147.0
RF15D_S84_L001_R1_001	35.672387555789314	43.0	101.0	9.090909090909092	4139944.0
RF15D_S84_L002_R1_001	36.25803089361469	43.0	101.0	9.090909090909092	4140161.0
RF16A_S118_L001_R1_001	72.53209460729019	45.0	101.0	18.181818181818183	3678611.0
RF16A_S118_L002_R1_001	72.6987143496948	45.0	101.0	18.181818181818183	3689898.0
RF16C_S97_L001_R1_001	62.586472434278164	46.0	101.0	18.181818181818183	3464967.0
RF16C_S97_L002_R1_001	62.74840742242987	46.0	101.0	18.181818181818183	3471138.0
RF17B_S80_L001_R1_001	37.86668501800185	43.0	101.0	18.181818181818183	3847520.0
RF17B_S80_L002_R1_001	38.27717018046616	43.0	101.0	9.090909090909092	3856032.0
RF17D_S99_L001_R1_001	38.893118247477155	43.0	101.0	18.181818181818183	4051241.0
RF17D_S99_L002_R1_001	39.106125837535835	43.0	101.0	18.181818181818183	4046336.0
RF18B_S90_L001_R1_001	39.13618545985915	43.0	101.0	18.181818181818183	4416995.0
RF18B_S90_L002_R1_001	39.63882937066526	43.0	101.0	18.181818181818183	4440152.0
RF18D_S113_L001_R1_001	43.74638297402546	41.0	101.0	18.181818181818183	5414925.0
RF18D_S113_L002_R1_001	44.29174490324843	41.0	101.0	18.181818181818183	5442220.0
RF19B_S103_L001_R1_001	38.523723700717674	43.0	101.0	18.181818181818183	6334902.0
RF19B_S103_L002_R1_001	38.798469065145966	43.0	101.0	18.181818181818183	6356192.0
RF19C_S83_L001_R1_001	37.38453289011837	44.0	101.0	9.090909090909092	3795315.0
RF19C_S83_L002_R1_001	37.480761208525045	44.0	101.0	9.090909090909092	3799731.0
RF20B_S88_L001_R1_001	42.19211214255311	42.0	101.0	18.181818181818183	4514378.0
RF20B_S88_L002_R1_001	42.63895639314138	42.0	101.0	18.181818181818183	4528823.0
RF20C_S115_L001_R1_001	34.510092840432364	41.0	101.0	9.090909090909092	4739343.0
RF20C_S115_L002_R1_001	34.88606968099042	41.0	101.0	9.090909090909092	4749261.0
RF22B_S91_L001_R1_001	35.767453146074715	43.0	101.0	9.090909090909092	4391383.0
RF22B_S91_L002_R1_001	36.05460852365761	43.0	101.0	9.090909090909092	4395904.0
RF22C_S126_L001_R1_001	37.735679346072594	42.0	101.0	18.181818181818183	4833279.0
RF22C_S126_L002_R1_001	38.36386928702503	42.0	101.0	18.181818181818183	4843340.0
RF23A_S125_L001_R1_001	32.97734064445696	43.0	101.0	18.181818181818183	4401036.0
RF23A_S125_L002_R1_001	33.313406073248416	43.0	101.0	18.181818181818183	4414629.0
RF23C_S108_L001_R1_001	33.61729151698883	42.0	101.0	9.090909090909092	4367576.0
RF23C_S108_L002_R1_001	33.88610194722442	42.0	101.0	9.090909090909092	4378729.0
RF24B_S92_L001_R1_001	31.80744843285754	43.0	101.0	18.181818181818183	4798379.0
RF24B_S92_L002_R1_001	32.43078171436234	43.0	101.0	18.181818181818183	4797714.0
RF24D_S111_L001_R1_001	35.79138707243334	43.0	101.0	9.090909090909092	4698673.0
RF24D_S111_L002_R1_001	36.24534901148735	43.0	101.0	9.090909090909092	4708659.0
RF25A_S96_L001_R1_001	33.80271946699793	44.0	101.0	9.090909090909092	4295262.0
RF25A_S96_L002_R1_001	34.31434650403776	44.0	101.0	9.090909090909092	4307101.0
RF25C_S110_L001_R1_001	35.31796410895251	43.0	101.0	9.090909090909092	4459524.0
RF25C_S110_L002_R1_001	35.58549295388531	43.0	101.0	9.090909090909092	4466355.0
RS11B_S86_L001_R1_001	36.8743080183861	44.0	101.0	9.090909090909092	4331619.0
RS11B_S86_L002_R1_001	37.318143012203954	44.0	101.0	9.090909090909092	4329938.0
RS11D_S87_L001_R1_001	36.56139235744247	43.0	101.0	18.181818181818183	4023316.0
RS11D_S87_L002_R1_001	36.991051531468656	43.0	101.0	18.181818181818183	4027463.0
RS12A_S105_L001_R1_001	31.42647306253005	43.0	101.0	18.181818181818183	5258307.0
RS12A_S105_L002_R1_001	32.05021574549049	43.0	101.0	18.181818181818183	5289064.0
RS12C_S106_L001_R1_001	40.6222956156964	45.0	101.0	9.090909090909092	3877660.0
RS12C_S106_L002_R1_001	41.13414450095203	45.0	101.0	9.090909090909092	3886158.0
RS13A_S121_L001_R1_001	35.398664120373525	42.0	101.0	18.181818181818183	5174607.0
RS13A_S121_L002_R1_001	35.98813839886827	42.0	101.0	18.181818181818183	5179468.0
RS13C_S119_L001_R1_001	38.881268853313955	43.0	101.0	18.181818181818183	4882245.0
RS13C_S119_L002_R1_001	39.48097179498292	43.0	101.0	18.181818181818183	4889653.0
RS14B_S107_L001_R1_001	33.879988895725646	44.0	101.0	9.090909090909092	4889181.0
RS14B_S107_L002_R1_001	34.350581082961085	44.0	101.0	9.090909090909092	4894666.0
RS14C_S109_L001_R1_001	46.96985168424168	45.0	101.0	9.090909090909092	4427968.0
RS14C_S109_L002_R1_001	47.36122050250609	45.0	101.0	9.090909090909092	4426050.0
RS15B_S104_L001_R1_001	37.27587302097493	44.0	101.0	9.090909090909092	4182799.0
RS15B_S104_L002_R1_001	37.804552890758536	44.0	101.0	9.090909090909092	4190032.0
RS15D_S82_L001_R1_001	40.100552122164345	46.0	101.0	9.090909090909092	3028863.0
RS15D_S82_L002_R1_001	40.38337755688938	46.0	101.0	9.090909090909092	3027328.0
RS1B_S102_L001_R1_001	35.13415016256005	44.0	101.0	9.090909090909092	4014308.0
RS1B_S102_L002_R1_001	35.61534771093139	44.0	101.0	9.090909090909092	4017038.0
RS1C_S127_L001_R1_001	40.248948103014484	44.0	101.0	9.090909090909092	4599738.0
RS1C_S127_L002_R1_001	40.62083869417006	44.0	101.0	9.090909090909092	4629672.0
RS2B_S123_L001_R1_001	38.87471493142699	44.0	101.0	9.090909090909092	5045525.0
RS2B_S123_L002_R1_001	39.14737796085993	44.0	101.0	9.090909090909092	5049857.0
RS2C_S89_L001_R1_001	36.03594193829803	43.0	101.0	18.181818181818183	3999976.0
RS2C_S89_L002_R1_001	36.661410885425184	43.0	101.0	18.181818181818183	4006781.0
RS3B_S100_L001_R1_001	39.12833168972565	43.0	101.0	18.181818181818183	4476277.0
RS3B_S100_L002_R1_001	39.808219552512014	43.0	101.0	18.181818181818183	4483808.0
RS3D_S117_L001_R1_001	36.2196530909317	43.0	101.0	9.090909090909092	4320150.0
RS3D_S117_L002_R1_001	36.494548218885015	43.0	101.0	9.090909090909092	4336730.0
RS6A_S81_L001_R1_001	39.064434577431605	43.0	101.0	18.181818181818183	3288745.0
RS6A_S81_L002_R1_001	39.448464873067735	43.0	101.0	18.181818181818183	3303359.0
RS6D_S124_L001_R1_001	41.87779449547878	43.0	101.0	9.090909090909092	4697706.0
RS6D_S124_L002_R1_001	42.32372520284686	43.0	101.0	9.090909090909092	4713694.0
RS7B_S120_L001_R1_001	34.83446978181941	44.0	101.0	9.090909090909092	3532781.0
RS7B_S120_L002_R1_001	35.07874058996907	44.0	101.0	9.090909090909092	3531382.0
RS7C_S101_L001_R1_001	47.81010841257485	46.0	101.0	9.090909090909092	4247059.0
RS7C_S101_L002_R1_001	48.12476920820961	46.0	101.0	9.090909090909092	4268552.0
RS8B_S94_L001_R1_001	37.24369373297566	43.0	101.0	9.090909090909092	4764375.0
RS8B_S94_L002_R1_001	37.789973435621214	43.0	101.0	9.090909090909092	4783063.0
RS8C_S114_L001_R1_001	31.26301910717224	43.0	101.0	18.181818181818183	5218832.0
RS8C_S114_L002_R1_001	31.74744176406371	43.0	101.0	18.181818181818183	5222617.0
RS9A_S98_L001_R1_001	36.87660436124551	43.0	101.0	18.181818181818183	4061543.0
RS9A_S98_L002_R1_001	37.09943004476129	43.0	101.0	18.181818181818183	4068131.0
RS9C_S93_L001_R1_001	37.8861914731617	43.0	101.0	9.090909090909092	4869159.0
RS9C_S93_L002_R1_001	38.42128350017583	43.0	101.0	9.090909090909092	4885486.0
